NAME	= DEMclipped2unfilled
DESCRIPTION	= 
UNIT	= 
DATAFORMAT	= FLOAT
DATAFILE_OFFSET	= 0
BYTEORDER_BIG	= FALSE
TOPTOBOTTOM	= FALSE
POSITION_XMIN	= 379114.5000000000
POSITION_YMIN	= 220096.5000000000
CELLCOUNT_X	= 658
CELLCOUNT_Y	= 1185
CELLSIZE	= 20.0000000000
Z_FACTOR	= 1.000000
Z_OFFSET	= 0.000000
NODATA_VALUE	= -99999.000000
